0000000000000000000000000000000000000000000000000000000010000000
0000000000000000000000000000000000000000000000001000000010000000
0000000000000000000000000000000000000000100000001000000010000000
0000000000000000000000000000000010000000100000001000000010000000
0000000000000000000000001000000010000000100000001000000010000000
0000000000000000100000001000000010000000100000001000000010000000
0000000010000000100000001000000010000000100000001000000010000000
1000000010000000100000001000000010000000100000001000000010000000
1100000010000000100000001000000010000000100000001000000010000000
1110000010000000100000001000000010000000100000001000000010000000
1111000010000000100000001000000010000000100000001000000010000000
1111100010000000100000001000000010000000100000001000000010000000
1111110010000000100000001000000010000000100000001000000010000000
1111111010000000100000001000000010000000100000001000000010000000
1111111110000000100000001000000010000000100000001000000010000000
1111111110000001100000001000000010000000100000001000000010000000
1111111110000001100000011000000010000000100000001000000010000000
1111111110000001100000011000000110000000100000001000000010000000
1111111110000001100000011000000110000001100000001000000010000000
1111111110000001100000011000000110000001100000011000000010000000
1111111110000001100000011000000110000001100000011000000110000000
1111111110000001100000011000000110000001100000011000000110000001
1111111110000001100000011000000110000001100000011000000110000011
1111111110000001100000011000000110000001100000011000000110000111
1111111110000001100000011000000110000001100000011000000110011111
1111111110000001100000011000000110000001100000011000000110111111
1111111110000001100000011000000110000001100000011000000111111111
1111111110000001100000011000000110000001100000011100000111111111
1111111110000001100000011000000110000001110000011100000111111111
1111111110000001100000011000000111000001110000011100000111111111
1111111110000001100000011100000111000001110000011100000111111111
1111111110000001110000011100000111000001110000011100000111111111
1111111111000001110000011100000111000001110000011100000111111111
1111111111100001110000011100000111000001110000011100000111111111
1111111111110001110000011100000111000001110000011100000111111111
1111111111111001110000011100000111000001110000011100000111111111
1111111111111101110000011100000111000001110000011100000111111111
1111111111111111110000011100000111000001110000011100000111111111
1111111111111111110000111100000111000001110000011100000111111111
1111111111111111110000111100001111000001110000011100000111111111
1111111111111111110000111100001111000011110000011100000111111111
1111111111111111110000111100001111000011110000111100000111111111
1111111111111111110000111100001111000011110000111100001111111111
1111111111111111110000111100001111000011110000111100011111111111
1111111111111111110000111100001111000011110000111100111111111111
1111111111111111110000111100001111000011110000111101111111111111
1111111111111111110000111100001111000011110000111111111111111111
1111111111111111110000111100001111000011111000111111111111111111
1111111111111111110000111100001111100011111000111111111111111111
1111111111111111110000111110001111100011111000111111111111111111
1111111111111111111000111110001111100011111000111111111111111111
1111111111111111111100111110001111100011111000111111111111111111
1111111111111111111110111110001111100011111000111111111111111111
1111111111111111111111111110001111100011111000111111111111111111
1111111111111111111111111110011111100011111000111111111111111111
1111111111111111111111111110011111100111111000111111111111111111
1111111111111111111111111110011111100111111001111111111111111111
1111111111111111111111111110011111100111111011111111111111111111
1111111111111111111111111110011111100111111111111111111111111111
1111111111111111111111111110011111110111111111111111111111111111
1111111111111111111111111111011111110111111111111111111111111111
1111111111111111111111111111111111110111111111111111111111111111
1111111111111111111111111111111111111111111111111111111111111111
0000000000000000000000000000000000000000000000000000000010000000
0000000000000000000000000000000000000000000000001000000010000000
0000000000000000000000000000000000000000100000001000000010000000
0000000000000000000000000000000010000000100000001000000010000000
0000000000000000000000000000000011000000100000001000000010000000
0000000000000000000000000000000011100000100000001000000010000000
0000000000000000000000000000000011110000100000001000000010000000
0000000000000000000000000000000011110000100100001000000010000000
0000000000000000000000000000000011110000100100001001000010000000
0000000000000000000000000000000011110000100100001001000010010000
0000000000000000000000000000000011110000100100001001000010110000
0000000000000000000000000000000011110000100100001001000011110000
0000000000000000000000000000000011110000100100001101000011110000
0000000000000000000000000000000011110000110100001101000011110000
0000000000000000000000000000000011110000111100001101000011110000
0000000000000000000000000000000011110000111100001111000011110000
0000000000000000000000001000000011110000111100001111000011110000
0000000000000000100000001000000011110000111100001111000011110000
0000000010000000100000001000000011110000111100001111000011110000
1000000010000000100000001000000011110000111100001111000011110000
1100000010000000100000001000000011110000111100001111000011110000
1110000010000000100000001000000011110000111100001111000011110000
1111000010000000100000001000000011110000111100001111000011110000
1111000010010000100000001000000011110000111100001111000011110000
1111000010010000100100001000000011110000111100001111000011110000
1111000010010000100100001001000011110000111100001111000011110000
1111000010010000100100001011000011110000111100001111000011110000
1111000010010000100100001111000011110000111100001111000011110000
1111000010010000110100001111000011110000111100001111000011110000
1111000011010000110100001111000011110000111100001111000011110000
1111000011110000110100001111000011110000111100001111000011110000
1111000011110000111100001111000011110000111100001111000011110000
1111000011110000111100001111100011110000111100001111000011110000
1111000011110000111110001111100011110000111100001111000011110000
1111000011111000111110001111100011110000111100001111000011110000
1111100011111000111110001111100011110000111100001111000011110000
1111110011111000111110001111100011110000111100001111000011110000
1111111011111000111110001111100011110000111100001111000011110000
1111111111111000111110001111100011110000111100001111000011110000
1111111111111001111110001111100011110000111100001111000011110000
1111111111111001111110011111100011110000111100001111000011110000
1111111111111001111110011111100111110000111100001111000011110000
1111111111111001111110011111101111110000111100001111000011110000
1111111111111001111111011111111111110000111100001111000011110000
1111111111111101111111011111111111110000111100001111000011110000
1111111111111111111111011111111111110000111100001111000011110000
1111111111111111111111111111111111110000111100001111000011110000
1111111111111111111111111111111111110000111100001111000011111000
1111111111111111111111111111111111110000111100001111100011111000
1111111111111111111111111111111111110000111110001111100011111000
1111111111111111111111111111111111111000111110001111100011111000
1111111111111111111111111111111111111100111110001111100011111000
1111111111111111111111111111111111111110111110001111100011111000
1111111111111111111111111111111111111111111110001111100011111000
1111111111111111111111111111111111111111111110011111100011111000
1111111111111111111111111111111111111111111110011111100111111000
1111111111111111111111111111111111111111111110011111100111111001
1111111111111111111111111111111111111111111110011111100111111011
1111111111111111111111111111111111111111111110011111100111111111
1111111111111111111111111111111111111111111110011111110111111111
1111111111111111111111111111111111111111111111011111110111111111
1111111111111111111111111111111111111111111111111111110111111111
1111111111111111111111111111111111111111111111111111111111111111
0000000000000000000000001000100000000000000000000000000010001000
0000000000000000100010001000100000000000000000001000100010001000
0000000010001000100010001000100000000000100010001000100010001000
1000100010001000100010001000100010001000100010001000100010001000
1100110010001000100010001000100011001100100010001000100010001000
1110111010001000100010001000100011101110100010001000100010001000
1111111110001000100010001000100011111111100010001000100010001000
1111111110011001100010001000100011111111100110011000100010001000
1111111110011001100110011000100011111111100110011001100110001000
1111111110011001100110011001100111111111100110011001100110011001
1111111110011001100110011011101111111111100110011001100110111011
1111111110011001100110011111111111111111100110011001100111111111
1111111110011001110111011111111111111111100110011101110111111111
1111111111011101110111011111111111111111110111011101110111111111
1111111111111111110111011111111111111111111111111101110111111111
1111111111111111111111111111111111111111111111111111111111111111
0000000000000000000000000001000000000000000000000000000000000000
0000000000000000000000000001000000010000000000000000000000000000
0000000000000000000000000001000000011000000000000000000000000000
0000000000000000000000000001100000011000000000000000000000000000
0000000000000000000010000001100000011000000000000000000000000000
0000000000000000000110000001100000011000000000000000000000000000
0000000000000000001110000001100000011000000000000000000000000000
0000000000000000001110000011100000011000000000000000000000000000
0000000000000000001110000011100000111000000000000000000000000000
0000000000000000001110000011100000111000001000000000000000000000
0000000000000000001110000011100000111000001100000000000000000000
0000000000000000001110000011100000111000001110000000000000000000
0000000000000000001110000011100000111000001111000000000000000000
0000000000000000001110000011100000111100001111000000000000000000
0000000000000000001110000011110000111100001111000000000000000000
0000000000000000001111000011110000111100001111000000000000000000
0000000000000100001111000011110000111100001111000000000000000000
0000000000001100001111000011110000111100001111000000000000000000
0000000000011100001111000011110000111100001111000000000000000000
0000000000111100001111000011110000111100001111000000000000000000
0000000001111100001111000011110000111100001111000000000000000000
0000000001111100011111000011110000111100001111000000000000000000
0000000001111100011111000111110000111100001111000000000000000000
0000000001111100011111000111110001111100001111000000000000000000
0000000001111100011111000111110001111100011111000000000000000000
0000000001111100011111000111110001111100011111000100000000000000
0000000001111100011111000111110001111100011111000110000000000000
0000000001111100011111000111110001111100011111000111000000000000
0000000001111100011111000111110001111100011111000111100000000000
0000000001111100011111000111110001111100011111000111110000000000
0000000001111100011111000111110001111100011111000111111000000000
0000000001111100011111000111110001111100011111100111111000000000
0000000001111100011111000111110001111110011111100111111000000000
0000000001111100011111000111111001111110011111100111111000000000
0000000001111100011111100111111001111110011111100111111000000000
0000000001111110011111100111111001111110011111100111111000000000
0000001001111110011111100111111001111110011111100111111000000000
0000011001111110011111100111111001111110011111100111111000000000
0000111001111110011111100111111001111110011111100111111000000000
0001111001111110011111100111111001111110011111100111111000000000
0011111001111110011111100111111001111110011111100111111000000000
0111111001111110011111100111111001111110011111100111111000000000
1111111001111110011111100111111001111110011111100111111000000000
1111111011111110011111100111111001111110011111100111111000000000
1111111011111110111111100111111001111110011111100111111000000000
1111111011111110111111101111111001111110011111100111111000000000
1111111011111110111111101111111011111110011111100111111000000000
1111111011111110111111101111111011111110111111100111111000000000
1111111011111110111111101111111011111110111111101111111000000000
1111111011111110111111101111111011111110111111101111111010000000
1111111011111110111111101111111011111110111111101111111011000000
1111111011111110111111101111111011111110111111101111111011100000
1111111011111110111111101111111011111110111111101111111011110000
1111111011111110111111101111111011111110111111101111111011111000
1111111011111110111111101111111011111110111111101111111011111100
1111111011111110111111101111111011111110111111101111111011111110
1111111011111110111111101111111011111110111111101111111011111111
1111111011111110111111101111111011111110111111101111111111111111
1111111011111110111111101111111011111110111111111111111111111111
1111111011111110111111101111111011111111111111111111111111111111
1111111011111110111111101111111111111111111111111111111111111111
1111111011111110111111111111111111111111111111111111111111111111
1111111011111111111111111111111111111111111111111111111111111111
1111111111111111111111111111111111111111111111111111111111111111
1111111111111111111111111111111111111111111111111111111111111111
