0011100001000100010001000100010001000100010001000100010000111000
0001000000110000000100000001000000010000000100000001000000111000
0011100001000100000001000000010000001000000100000010000001111100
0011100001000100000001000001100000000100000001000100010000111000
0000010000001100000101000010010001000100011111000000010000000100
0111110001000000010000000111100000000100000001000100010000111000
0011100001000100010000000111100001000100010001000100010000111000
0111110000000100000001000000100000010000001000000010000000100000
0011100001000100010001000011100001000100010001000100010000111000
0011100001000100010001000100010000111100000001000100010000111000
