0000000000000000000000000000000000011000000110000000000000000000
0000000000000000000000000001100000111100001111000001100000000000
0000000000000000011001101111111111111111111111110111111000111100
0000000001100110111111111111111111111111011111100011110000011000
0110011011111111111111111111111101111110001111000001100000000000
0000000000000000000000000000000000000000000000000000000001100110
0000000000000000000000000000000000000000000000000110011011111111
0000000000000000000000000000000000000000011001101111111111111111
0000000000000000000000000000000001100110111111111111111111111111
0000000000000000000000000110011011111111111111111111111101111110
0000000000000000011001101111111111111111111111110111111000111100
0000000001100110111111111111111111111111011111100011110000011000
0110011011111111111111111111111101111110001111000001100000000000
1111111111111111111111110111111000111100000110000000000000000000
1111111111111111011111100011110000011000000000000000000000000000
1111111101111110001111000001100000000000000000000000000000000000
0111111000111100000110000000000000000000000000000000000000000000
0011110000011000000000000000000000000000000000000000000000000000
0001100000000000000000000000000000000000000000000000000000000000
  